2016 01 06 00 57 200
2016 01 08 04 13 200
2016 01 09 23 23 200
2016 01 14 18 10 200
2016 02 26 18 08 200
2016 04 08 06 34 200
2016 04 18 13 06 200
2016 05 03 09 22 200
2016 05 27 07 05 200
2016 06 10 09 23 200
2016 06 12 16 05 200
2016 06 16 20 02 403
2016 06 23 22 41 403
2016 06 25 15 28 200
2016 07 19 19 44 200
2016 07 28 05 39 403
2016 08 01 20 04 200
2016 08 02 01 05 200
2016 09 04 13 51 200
2016 09 17 09 33 404
2016 09 17 16 49 200
2016 09 17 19 25 403
2016 10 08 21 54 200
2016 10 10 22 23 200
2016 10 12 20 18 403
