2016 01 10 17 53 200
2016 02 03 10 35 200
2016 02 16 03 07 200
2016 02 25 15 38 200
2016 03 04 08 06 200
2016 04 04 15 04 200
2016 04 09 12 34 200
2016 04 26 03 27 404
2016 05 05 02 51 200
2016 05 11 12 00 200
2016 05 13 14 57 200
2016 06 19 11 19 200
2016 06 22 15 02 200
2016 07 05 19 38 200
2016 07 06 05 08 200
2016 07 18 10 02 200
2016 07 21 01 56 200
2016 07 27 07 02 200
2016 08 08 10 37 200
2016 08 24 20 04 200
2016 08 28 03 10 403
2016 09 09 17 13 200
2016 10 20 09 56 200
2016 11 20 20 04 200
2016 12 17 12 12 200
