2016 01 04 03 23 200
2016 01 10 00 39 200
2016 02 03 09 03 200
2016 03 01 20 12 200
2016 03 03 10 13 200
2016 03 13 14 55 200
2016 03 22 11 06 200
2016 04 05 06 41 200
2016 04 15 11 20 200
2016 05 09 23 23 200
2016 05 20 12 21 200
2016 05 27 00 02 200
2016 06 09 20 30 200
2016 06 25 11 13 200
2016 07 03 17 22 200
2016 09 01 03 31 200
2016 09 04 19 46 200
2016 09 14 16 34 200
2016 09 20 03 21 200
2016 10 18 21 08 200
2016 10 24 22 32 200
2016 11 09 17 21 200
2016 11 22 07 56 200
2016 12 10 22 02 200
2016 12 18 01 28 200
