2016 01 12 04 41 200
2016 01 16 11 00 403
2016 02 06 20 01 200
2016 02 21 07 14 200
2016 03 04 00 37 200
2016 03 10 14 36 403
2016 03 14 05 22 200
2016 03 15 08 41 200
2016 03 18 01 10 404
2016 04 23 13 12 404
2016 05 19 20 26 200
2016 06 15 08 21 404
2016 07 07 12 23 200
2016 07 12 17 27 200
2016 07 15 01 55 200
2016 07 18 06 11 200
2016 08 04 17 55 200
2016 08 11 00 24 404
2016 08 21 01 04 403
2016 08 26 03 03 200
2016 09 07 19 55 200
2016 09 09 10 45 200
2016 10 13 19 09 200
2016 12 10 23 10 200
2016 12 22 20 59 200
